time [µs]	Amp[V]	HF [V]	TGC [dB]
0,0	0,158	0,003	0,157
0,1	0,510	0,019	0,315
0,2	0,945	0,995	-0,157
0,3	1,300	0,570	-0,157
0,4	1,451	-1,013	0,315
0,5	1,394	-1,013	0,630
0,6	1,236	-1,013	0,472
0,7	1,118	0,995	0,157
0,8	1,115	-0,808	0,000
0,9	1,205	0,995	0,000
1,0	1,303	0,995	0,157
1,1	1,333	0,633	0,157
1,2	1,282	-1,013	0,157
1,3	1,199	-1,013	0,000
1,4	1,152	-0,052	0,000
1,5	1,183	0,995	0,157
1,6	1,287	0,995	0,157
1,7	1,410	-1,013	0,157
1,8	1,479	-1,013	0,157
1,9	1,437	-0,974	0,157
2,0	1,279	0,995	0,000
2,1	1,069	0,995	0,000
2,2	0,909	-0,076	0,157
2,3	0,877	-0,422	0,157
2,4	0,973	-0,934	0,157
2,5	1,107	-1,013	0,000
2,6	1,156	0,058	0,000
2,7	1,045	0,814	0,157
2,8	0,799	0,688	0,157
2,9	0,526	0,208	0,157
3,0	0,334	-0,226	0,157
3,1	0,271	-0,296	0,157
3,2	0,298	-0,163	0,157
3,3	0,339	0,113	0,157
3,4	0,338	0,310	0,157
3,5	0,291	0,208	0,157
3,6	0,232	-0,068	0,157
3,7	0,194	-0,210	0,157
3,8	0,186	-0,052	0,157
3,9	0,192	0,152	0,157
4,0	0,192	0,137	0,157
4,1	0,176	-0,068	0,157
4,2	0,150	-0,155	0,157
4,3	0,122	-0,068	0,157
4,4	0,100	0,058	0,157
4,5	0,084	0,074	0,000
4,6	0,076	0,003	0,157
4,7	0,071	-0,060	0,157
4,8	0,070	-0,068	0,157
4,9	0,067	-0,021	0,157
5,0	0,061	0,042	0,157
5,1	0,053	0,042	0,000
5,2	0,046	-0,005	0,157
5,3	0,044	-0,044	0,157
5,4	0,045	-0,029	0,157
5,5	0,046	0,019	0,157
5,6	0,045	0,042	0,157
5,7	0,044	0,011	0,000
5,8	0,046	-0,037	0,000
5,9	0,053	-0,052	0,157
6,0	0,060	-0,021	0,157
6,1	0,061	0,026	0,157
6,2	0,051	0,050	0,157
6,3	0,035	0,026	0,000
6,4	0,022	0,003	0,157
6,5	0,018	-0,005	0,157
6,6	0,025	-0,021	0,157
6,7	0,037	-0,037	0,157
6,8	0,047	-0,013	0,157
6,9	0,051	0,026	0,157
7,0	0,051	0,050	0,000
7,1	0,051	0,034	0,157
7,2	0,054	-0,013	0,157
7,3	0,057	-0,052	0,157
7,4	0,059	-0,052	0,157
7,5	0,056	-0,021	0,157
7,6	0,048	0,019	0,000
7,7	0,038	0,034	0,157
7,8	0,029	0,026	0,157
7,9	0,021	0,011	0,000
8,0	0,017	-0,005	0,157
8,1	0,015	-0,013	0,000
8,2	0,016	-0,013	0,157
8,3	0,017	-0,013	0,157
8,4	0,019	-0,013	0,157
8,5	0,019	0,003	0,000
8,6	0,017	0,011	0,157
8,7	0,015	0,011	0,000
8,8	0,012	0,003	0,000
8,9	0,010	-0,005	0,157
9,0	0,009	-0,005	0,157
9,1	0,009	-0,005	0,000
9,2	0,009	0,003	0,157
9,3	0,009	-0,005	0,157
9,4	0,010	-0,005	0,157
9,5	0,011	0,003	0,157
9,6	0,013	0,011	0,157
9,7	0,014	0,011	0,157
9,8	0,015	0,003	0,157
9,9	0,016	-0,013	0,157
10,0	0,016	-0,013	0,157
10,1	0,015	-0,005	0,157
10,2	0,015	0,011	0,157
10,3	0,014	0,011	0,000
10,4	0,014	0,003	0,157
10,5	0,014	-0,013	0,157
10,6	0,014	-0,013	0,157
10,7	0,012	0,003	0,157
10,8	0,010	0,003	0,157
10,9	0,008	-0,005	0,000
11,0	0,007	-0,005	0,157
11,1	0,007	0,003	0,157
11,2	0,008	0,003	0,157
11,3	0,008	0,003	0,157
11,4	0,009	-0,005	0,157
11,5	0,009	-0,005	0,157
11,6	0,009	0,003	0,157
11,7	0,009	0,003	0,157
11,8	0,008	0,003	0,157
11,9	0,006	-0,005	0,157
12,0	0,005	0,003	0,157
12,1	0,005	0,003	0,157
12,2	0,007	-0,005	0,157
12,3	0,009	-0,005	0,157
12,4	0,011	-0,005	0,157
12,5	0,011	0,003	0,157
12,6	0,010	0,011	0,157
12,7	0,009	0,003	0,157
12,8	0,010	-0,005	0,157
12,9	0,013	-0,013	0,157
13,0	0,017	0,003	0,157
13,1	0,021	0,019	0,157
13,2	0,021	0,011	0,157
13,3	0,018	-0,013	0,000
13,4	0,014	-0,013	0,157
13,5	0,009	0,003	0,157
13,6	0,006	0,003	0,157
13,7	0,006	0,003	0,157
13,8	0,007	-0,005	0,157
13,9	0,008	-0,005	0,157
14,0	0,009	-0,005	0,157
14,1	0,009	-0,005	0,157
14,2	0,009	0,003	0,157
14,3	0,008	0,003	0,157
14,4	0,007	0,003	0,157
14,5	0,007	-0,005	0,157
14,6	0,006	0,003	0,157
14,7	0,005	0,003	0,157
14,8	0,004	0,003	0,157
14,9	0,004	0,003	0,157
15,0	0,005	-0,005	0,157
15,1	0,006	0,003	0,157
15,2	0,007	0,003	0,157
15,3	0,007	0,003	0,157
15,4	0,008	-0,005	0,157
15,5	0,008	-0,005	0,157
15,6	0,008	0,003	0,157
15,7	0,007	0,003	0,157
15,8	0,007	0,003	0,157
15,9	0,006	-0,005	0,157
16,0	0,005	0,003	0,157
16,1	0,004	0,003	0,157
16,2	0,004	0,003	0,157
16,3	0,005	0,003	0,157
16,4	0,006	-0,005	0,157
16,5	0,008	-0,005	0,157
16,6	0,009	-0,005	0,157
16,7	0,008	-0,005	0,157
16,8	0,007	0,003	0,157
16,9	0,006	0,003	0,157
17,0	0,006	0,003	0,157
17,1	0,006	-0,005	0,157
17,2	0,007	-0,005	0,157
17,3	0,007	-0,005	0,157
17,4	0,007	0,003	0,157
17,5	0,006	0,003	0,157
17,6	0,006	0,003	0,157
17,7	0,006	-0,005	0,157
17,8	0,006	-0,005	0,157
17,9	0,007	-0,005	0,157
18,0	0,007	0,003	0,157
18,1	0,007	0,003	0,157
18,2	0,007	-0,005	0,157
18,3	0,007	-0,005	0,157
18,4	0,007	0,003	0,157
18,5	0,007	0,003	0,157
18,6	0,007	-0,005	0,157
18,7	0,008	0,003	0,157
18,8	0,007	0,003	0,157
18,9	0,006	0,003	0,157
19,0	0,005	0,003	0,157
19,1	0,005	0,003	0,157
19,2	0,005	0,003	0,157
19,3	0,006	0,003	0,157
19,4	0,007	0,003	0,157
19,5	0,007	-0,005	0,157
19,6	0,005	0,003	0,157
19,7	0,003	0,003	0,157
19,8	0,004	0,003	0,157
19,9	0,006	0,003	0,157
20,0	0,009	-0,005	0,157
20,1	0,011	-0,005	0,157
20,2	0,010	0,011	0,157
20,3	0,007	0,003	0,157
20,4	0,004	0,003	0,157
20,5	0,003	0,003	0,157
20,6	0,004	0,003	0,157
20,7	0,006	-0,005	0,157
20,8	0,006	0,003	0,157
20,9	0,006	0,003	0,157
21,0	0,004	0,003	0,157
21,1	0,003	0,003	0,157
21,2	0,002	0,003	0,157
21,3	0,003	0,003	0,157
21,4	0,004	0,003	0,157
21,5	0,005	0,003	0,157
21,6	0,005	-0,005	0,157
21,7	0,005	0,003	0,157
21,8	0,006	0,003	0,157
21,9	0,007	-0,005	0,157
22,0	0,007	-0,005	0,157
22,1	0,007	0,003	0,157
22,2	0,006	0,003	0,157
22,3	0,005	0,003	0,157
22,4	0,004	0,003	0,157
22,5	0,004	0,003	0,157
22,6	0,004	0,003	0,157
22,7	0,004	0,003	0,157
22,8	0,004	0,003	0,157
22,9	0,004	0,003	0,157
23,0	0,004	0,003	0,157
23,1	0,004	0,003	0,157
23,2	0,004	0,003	0,157
23,3	0,003	0,003	0,157
23,4	0,003	0,003	0,157
23,5	0,003	0,003	0,157
23,6	0,004	0,003	0,157
23,7	0,006	0,003	0,157
23,8	0,007	-0,005	0,157
23,9	0,007	-0,005	0,157
24,0	0,006	0,003	0,157
24,1	0,004	0,003	0,157
24,2	0,003	0,003	0,157
24,3	0,004	0,003	0,157
24,4	0,006	-0,005	0,157
24,5	0,008	-0,005	0,157
24,6	0,007	0,003	0,157
24,7	0,005	0,003	0,157
24,8	0,003	0,003	0,157
24,9	0,002	0,003	0,157
25,0	0,003	0,003	0,157
25,1	0,005	0,003	0,157
25,2	0,006	-0,005	0,157
25,3	0,006	0,003	0,157
25,4	0,005	0,003	0,157
25,5	0,004	0,003	0,157
25,6	0,004	0,003	0,157
25,7	0,005	0,003	0,157
25,8	0,006	0,003	0,157
25,9	0,006	-0,005	0,157
26,0	0,006	-0,005	0,157
26,1	0,006	0,003	0,157
26,2	0,006	0,003	0,157
26,3	0,006	0,003	0,157
26,4	0,006	0,003	0,157
26,5	0,005	-0,005	0,157
26,6	0,004	0,003	0,157
26,7	0,004	0,003	0,157
26,8	0,004	0,003	0,000
26,9	0,005	0,003	0,157
27,0	0,005	0,003	0,157
27,1	0,005	-0,005	0,157
27,2	0,004	0,003	0,157
27,3	0,005	0,003	0,157
27,4	0,005	0,003	0,157
27,5	0,006	-0,005	0,157
27,6	0,005	-0,005	0,157
27,7	0,005	0,003	0,157
27,8	0,005	0,003	0,157
27,9	0,005	0,003	0,157
28,0	0,006	-0,005	0,157
28,1	0,006	-0,005	0,157
28,2	0,006	0,003	0,157
28,3	0,005	0,003	0,157
28,4	0,005	0,003	0,157
28,5	0,006	-0,005	0,157
28,6	0,007	-0,005	0,157
28,7	0,007	-0,005	0,157
28,8	0,006	0,003	0,157
28,9	0,004	0,003	0,157
29,0	0,004	0,003	0,157
29,1	0,004	0,003	0,157
29,2	0,006	-0,005	0,157
29,3	0,007	-0,005	0,157
29,4	0,007	0,003	0,157
29,5	0,005	0,003	0,157
29,6	0,004	0,003	0,157
29,7	0,004	0,003	0,157
29,8	0,005	0,003	0,157
29,9	0,006	-0,005	0,157
30,0	0,005	0,003	0,157
30,1	0,004	0,003	0,157
30,2	0,003	0,003	0,157
30,3	0,003	0,003	0,157
30,4	0,005	0,003	0,157
30,5	0,006	-0,005	0,157
30,6	0,007	-0,005	0,157
30,7	0,006	0,003	0,157
30,8	0,004	0,003	0,157
30,9	0,003	0,003	0,157
31,0	0,003	0,003	0,157
31,1	0,004	0,003	0,157
31,2	0,005	-0,005	0,157
31,3	0,006	0,003	0,157
31,4	0,006	0,003	0,157
31,5	0,007	-0,005	0,157
31,6	0,006	-0,005	0,157
31,7	0,006	0,003	0,157
31,8	0,005	0,003	0,157
31,9	0,005	0,003	0,157
32,0	0,004	0,003	0,157
32,1	0,003	0,003	0,157
32,2	0,003	0,003	0,157
32,3	0,003	0,003	0,157
32,4	0,003	0,003	0,157
32,5	0,004	0,003	0,157
32,6	0,005	0,003	0,157
32,7	0,006	-0,005	0,157
32,8	0,006	-0,005	0,157
32,9	0,006	0,003	0,157
33,0	0,004	0,003	0,157
33,1	0,003	0,003	0,157
33,2	0,003	0,003	0,157
33,3	0,004	0,003	0,157
33,4	0,006	-0,005	0,157
33,5	0,007	-0,005	0,157
33,6	0,008	-0,005	0,157
33,7	0,007	0,003	0,157
33,8	0,006	0,003	0,157
33,9	0,004	0,003	0,157
34,0	0,004	0,003	0,157
34,1	0,004	0,003	0,157
34,2	0,005	0,003	0,157
34,3	0,005	-0,005	0,157
34,4	0,006	0,003	0,157
34,5	0,005	0,003	0,157
34,6	0,005	-0,005	0,157
34,7	0,005	0,003	0,157
34,8	0,005	0,003	0,157
34,9	0,006	0,003	0,157
35,0	0,006	0,003	0,157
35,1	0,006	-0,005	0,157
35,2	0,005	0,003	0,157
35,3	0,004	0,003	0,157
35,4	0,005	0,003	0,157
35,5	0,008	0,003	0,157
35,6	0,011	0,003	0,157
35,7	0,013	0,019	0,157
35,8	0,011	0,003	0,000
35,9	0,008	0,003	0,157
36,0	0,004	0,003	0,157
36,1	0,002	0,003	0,157
36,2	0,003	0,003	0,157
36,3	0,004	0,003	0,157
36,4	0,004	0,003	0,157
36,5	0,004	0,003	0,157
36,6	0,003	0,003	0,157
36,7	0,003	0,003	0,157
36,8	0,003	0,003	0,157
36,9	0,005	0,003	0,157
37,0	0,006	-0,005	0,157
37,1	0,006	0,003	0,157
37,2	0,005	0,003	0,157
37,3	0,004	0,003	0,157
37,4	0,004	0,003	0,157
37,5	0,004	0,003	0,157
37,6	0,006	0,003	0,157
37,7	0,006	0,003	0,157
37,8	0,006	0,003	0,157
37,9	0,006	-0,005	0,157
38,0	0,005	0,003	0,157
38,1	0,005	-0,005	0,157
38,2	0,004	0,003	0,157
38,3	0,004	-0,005	0,157
38,4	0,004	0,003	0,157
38,5	0,004	0,003	0,157
38,6	0,004	0,003	0,157
38,7	0,005	0,003	0,157
38,8	0,005	-0,005	0,157
38,9	0,005	0,003	0,157
39,0	0,004	0,003	0,157
39,1	0,004	0,003	0,157
39,2	0,005	0,003	0,157
39,3	0,006	0,003	0,157
39,4	0,007	-0,005	0,157
39,5	0,007	-0,005	0,157
39,6	0,006	0,003	0,157
39,7	0,005	0,003	0,157
39,8	0,005	0,003	0,157
39,9	0,005	-0,005	0,157
40,0	0,005	0,003	0,157
40,1	0,005	-0,005	0,157
40,2	0,004	0,003	0,157
40,3	0,003	0,003	0,157
40,4	0,003	0,003	0,157
40,5	0,004	0,003	0,157
40,6	0,006	0,003	0,157
40,7	0,007	-0,005	0,157
40,8	0,007	-0,005	0,157
40,9	0,006	-0,005	0,157
41,0	0,005	0,003	0,157
41,1	0,004	0,003	0,157
41,2	0,004	0,003	0,157
41,3	0,006	-0,005	0,157
41,4	0,007	-0,005	0,157
41,5	0,007	-0,005	0,157
41,6	0,007	0,003	0,157
41,7	0,005	0,003	0,157
41,8	0,003	0,003	0,157
41,9	0,002	0,003	0,157
42,0	0,002	0,003	0,157
42,1	0,004	0,003	0,157
42,2	0,005	0,003	0,157
42,3	0,006	-0,005	0,157
42,4	0,007	-0,005	0,157
42,5	0,006	0,003	0,157
42,6	0,005	0,003	0,157
42,7	0,004	0,003	0,157
42,8	0,003	0,003	0,157
42,9	0,003	0,003	0,157
43,0	0,003	0,003	0,157
43,1	0,003	0,003	0,157
43,2	0,004	0,003	0,157
43,3	0,005	0,003	0,157
43,4	0,006	0,003	0,157
43,5	0,006	-0,005	0,157
43,6	0,005	0,003	0,157
43,7	0,003	0,003	0,157
43,8	0,002	0,003	0,157
43,9	0,003	0,003	0,157
44,0	0,004	0,003	0,157
44,1	0,005	0,003	0,157
44,2	0,005	0,003	0,157
44,3	0,004	-0,005	0,157
44,4	0,004	0,003	0,157
44,5	0,004	0,003	0,157
44,6	0,005	0,003	0,157
44,7	0,006	-0,005	0,157
44,8	0,004	0,003	0,157
44,9	0,002	0,003	0,157
45,0	0,002	0,003	0,157
45,1	0,004	0,003	0,157
45,2	0,006	0,003	0,157
45,3	0,008	0,003	0,157
45,4	0,007	-0,005	0,157
45,5	0,006	-0,005	0,157
45,6	0,013	-0,013	0,157
45,7	0,034	-0,013	0,157
45,8	0,075	0,058	0,157
45,9	0,134	0,105	0,157
46,0	0,206	-0,068	0,000
46,1	0,279	-0,288	0,157
46,2	0,346	-0,100	0,157
46,3	0,398	0,294	0,157
46,4	0,429	0,381	0,157
46,5	0,435	-0,084	0,157
46,6	0,418	-0,407	0,000
46,7	0,383	-0,226	0,157
46,8	0,339	0,152	0,157
46,9	0,295	0,294	0,000
47,0	0,255	0,129	0,157
47,1	0,220	-0,123	0,157
47,2	0,189	-0,186	0,157
47,3	0,161	-0,052	0,157
47,4	0,136	0,089	0,157
47,5	0,113	0,113	0,157
47,6	0,093	0,026	0,157
47,7	0,077	-0,052	0,157
47,8	0,065	-0,060	0,000
47,9	0,055	-0,021	0,157
48,0	0,048	0,034	0,157
48,1	0,043	0,042	0,157
48,2	0,039	0,011	0,157
48,3	0,034	-0,021	0,157
48,4	0,028	-0,029	0,157
48,5	0,021	-0,005	0,157
48,6	0,015	0,011	0,157
48,7	0,012	0,011	0,000
48,8	0,013	0,003	0,000
48,9	0,014	-0,013	0,157
49,0	0,015	-0,013	0,157
49,1	0,015	0,003	0,157
49,2	0,014	0,011	0,157
49,3	0,013	0,011	0,000
49,4	0,012	-0,005	0,157
49,5	0,013	-0,013	0,157
49,6	0,012	-0,005	0,157
49,7	0,011	0,003	0,157
49,8	0,009	0,011	0,157
49,9	0,008	0,003	0,000
50,0	0,007	-0,005	0,157
50,1	0,007	-0,005	0,157
50,2	0,007	-0,005	0,157
50,3	0,006	0,003	0,157
50,4	0,004	0,003	0,157
50,5	0,004	0,003	0,157
50,6	0,004	0,003	0,157
50,7	0,006	-0,005	0,157
50,8	0,007	-0,005	0,157
50,9	0,007	0,003	0,157
51,0	0,006	0,003	0,157
51,1	0,004	0,003	0,157
51,2	0,003	0,003	0,157
51,3	0,003	0,003	0,157
51,4	0,003	0,003	0,157
51,5	0,003	0,003	0,157
51,6	0,003	0,003	0,157
51,7	0,003	0,003	0,157
51,8	0,003	0,003	0,157
51,9	0,003	0,003	0,157
52,0	0,003	0,003	0,157
52,1	0,004	0,003	0,157
52,2	0,005	0,003	0,157
52,3	0,005	-0,005	0,157
52,4	0,005	0,003	0,157
52,5	0,005	-0,005	0,157
52,6	0,005	0,003	0,157
52,7	0,005	0,003	0,157
52,8	0,004	0,003	0,157
52,9	0,003	0,003	0,157
53,0	0,003	0,003	0,157
53,1	0,003	0,003	0,157
53,2	0,003	0,003	0,157
53,3	0,003	0,003	0,157
53,4	0,003	0,003	0,157
53,5	0,003	0,003	0,157
53,6	0,003	0,003	0,157
53,7	0,002	0,003	0,157
53,8	0,003	0,003	0,157
53,9	0,004	0,003	0,157
54,0	0,005	0,003	0,157
54,1	0,006	0,003	0,157
54,2	0,006	-0,005	0,157
54,3	0,006	-0,005	0,157
54,4	0,005	0,003	0,157
54,5	0,005	0,003	0,157
54,6	0,004	0,003	0,157
54,7	0,004	-0,005	0,157
54,8	0,004	0,003	0,157
54,9	0,004	0,003	0,157
55,0	0,004	0,003	0,157
55,1	0,004	0,003	0,157
55,2	0,004	0,003	0,157
55,3	0,004	-0,005	0,157
55,4	0,004	0,003	0,157
55,5	0,005	0,003	0,157
55,6	0,005	0,003	0,157
55,7	0,005	-0,005	0,157
55,8	0,005	0,003	0,157
55,9	0,004	0,003	0,157
56,0	0,003	0,003	0,157
56,1	0,003	0,003	0,157
56,2	0,005	0,003	0,157
56,3	0,006	0,003	0,157
56,4	0,007	-0,005	0,157
56,5	0,006	-0,005	0,157
56,6	0,005	0,003	0,157
56,7	0,004	0,003	0,157
56,8	0,004	0,003	0,157
56,9	0,005	0,003	0,157
57,0	0,006	-0,005	0,157
57,1	0,006	-0,005	0,157
57,2	0,005	0,003	0,157
57,3	0,004	0,003	0,157
57,4	0,003	0,003	0,157
57,5	0,003	0,003	0,157
57,6	0,003	0,003	0,157
57,7	0,002	0,003	0,157
57,8	0,003	0,003	0,157
57,9	0,004	0,003	0,157
58,0	0,005	0,003	0,157
58,1	0,006	0,003	0,157
58,2	0,007	0,003	0,157
58,3	0,013	-0,013	0,157
58,4	0,030	-0,021	0,157
58,5	0,061	0,026	0,157
58,6	0,107	0,105	0,157
58,7	0,159	0,026	0,157
58,8	0,207	-0,178	0,157
58,9	0,242	-0,194	0,157
59,0	0,258	0,066	0,157
59,1	0,257	0,247	0,157
59,2	0,246	0,160	0,157
59,3	0,229	-0,084	0,157
59,4	0,209	-0,210	0,157
59,5	0,188	-0,107	0,157
59,6	0,167	0,074	0,157
59,7	0,145	0,145	0,000
59,8	0,126	0,058	0,157
59,9	0,109	-0,068	0,157
60,0	0,094	-0,092	0,157
60,1	0,081	-0,021	0,157
60,2	0,071	0,050	0,157
60,3	0,061	0,058	0,157
60,4	0,053	0,019	0,000
60,5	0,047	-0,037	0,157
60,6	0,042	-0,037	0,157
60,7	0,038	-0,013	0,157
60,8	0,034	0,026	0,157
60,9	0,029	0,026	0,157
61,0	0,023	0,003	0,000
61,1	0,017	-0,013	0,157
61,2	0,013	-0,013	0,157
61,3	0,011	-0,005	0,157
61,4	0,010	0,003	0,157
61,5	0,009	0,011	0,000
61,6	0,008	0,003	0,000
61,7	0,007	-0,005	0,157
61,8	0,007	-0,005	0,157
61,9	0,007	-0,005	0,157
62,0	0,008	0,003	0,157
62,1	0,010	0,011	0,157
62,2	0,010	0,003	0,157
62,3	0,008	-0,005	0,157
62,4	0,007	-0,005	0,157
62,5	0,005	-0,005	0,157
62,6	0,004	0,003	0,157
62,7	0,005	0,003	0,157
62,8	0,005	0,003	0,157
62,9	0,006	-0,005	0,157
63,0	0,007	-0,005	0,157
63,1	0,007	-0,005	0,157
63,2	0,007	-0,005	0,157
63,3	0,006	0,003	0,157
63,4	0,006	0,003	0,157
63,5	0,006	0,003	0,157
63,6	0,005	-0,005	0,157
63,7	0,005	0,003	0,157
63,8	0,004	0,003	0,157
63,9	0,004	0,003	0,157
64,0	0,004	0,003	0,157
64,1	0,003	0,003	0,157
64,2	0,003	0,003	0,157
64,3	0,002	0,003	0,157
64,4	0,003	0,003	0,157
64,5	0,004	0,003	0,157
64,6	0,004	0,003	0,157
64,7	0,005	0,003	0,157
64,8	0,005	-0,005	0,157
64,9	0,004	0,003	0,157
65,0	0,004	0,003	0,157
65,1	0,004	0,003	0,157
65,2	0,005	0,003	0,157
65,3	0,005	-0,005	0,157
65,4	0,004	0,003	0,157
65,5	0,004	0,003	0,157
65,6	0,003	0,003	0,157
65,7	0,004	0,003	0,157
65,8	0,005	0,003	0,157
65,9	0,005	-0,005	0,157
66,0	0,005	0,003	0,157
66,1	0,005	0,003	0,157
66,2	0,005	0,003	0,157
66,3	0,006	0,003	0,157
66,4	0,006	-0,005	0,157
66,5	0,006	-0,005	0,157
66,6	0,005	0,003	0,157
66,7	0,004	0,003	0,157
66,8	0,004	0,003	0,157
66,9	0,005	0,003	0,157
67,0	0,006	-0,005	0,157
67,1	0,006	-0,005	0,157
67,2	0,005	0,003	0,157
67,3	0,004	0,003	0,157
67,4	0,003	0,003	0,157
67,5	0,004	0,003	0,157
67,6	0,005	0,003	0,157
67,7	0,007	-0,005	0,157
67,8	0,007	-0,005	0,157
67,9	0,006	-0,005	0,157
68,0	0,005	0,003	0,157
68,1	0,005	0,003	0,157
68,2	0,005	0,003	0,157
68,3	0,006	0,003	0,157
68,4	0,005	-0,005	0,157
68,5	0,004	0,003	0,157
68,6	0,003	0,003	0,157
68,7	0,003	0,003	0,157
68,8	0,004	0,003	0,157
68,9	0,005	0,003	0,157
69,0	0,005	-0,005	0,157
69,1	0,004	0,003	0,157
69,2	0,005	0,003	0,157
69,3	0,006	0,003	0,157
69,4	0,009	-0,005	0,157
69,5	0,012	-0,013	0,157
69,6	0,013	-0,005	0,157
69,7	0,011	0,003	0,157
69,8	0,009	0,011	0,157
69,9	0,006	0,003	0,000
70,0	0,006	0,003	0,157
70,1	0,006	-0,005	0,157
70,2	0,007	-0,005	0,157
70,3	0,007	-0,005	0,157
70,4	0,006	0,003	0,157
70,5	0,005	0,003	0,157
70,6	0,004	0,003	0,157
70,7	0,005	0,003	0,157
70,8	0,006	-0,005	0,157
70,9	0,007	-0,005	0,157
71,0	0,006	0,003	0,157
71,1	0,005	0,003	0,157
71,2	0,004	0,003	0,157
71,3	0,003	0,003	0,157
71,4	0,003	0,003	0,157
71,5	0,003	0,003	0,157
71,6	0,003	0,003	0,157
71,7	0,003	0,003	0,157
71,8	0,003	0,003	0,157
71,9	0,003	0,003	0,157
72,0	0,004	0,003	0,157
72,1	0,005	-0,005	0,157
72,2	0,006	0,003	0,157
72,3	0,007	-0,005	0,157
72,4	0,007	-0,005	0,157
72,5	0,006	0,003	0,157
72,6	0,005	0,003	0,157
72,7	0,004	0,003	0,157
72,8	0,003	0,003	0,157
72,9	0,003	0,003	0,157
73,0	0,003	0,003	0,157
73,1	0,003	0,003	0,157
73,2	0,003	0,003	0,157
73,3	0,003	0,003	0,157
73,4	0,003	0,003	0,157
73,5	0,003	0,003	0,157
73,6	0,003	0,003	0,157
73,7	0,003	0,003	0,157
73,8	0,003	0,003	0,157
73,9	0,004	0,003	0,157
74,0	0,005	0,003	0,157
74,1	0,005	-0,005	0,157
74,2	0,005	0,003	0,157
74,3	0,004	0,003	0,157
74,4	0,003	0,003	0,157
74,5	0,003	0,003	0,157
74,6	0,004	0,003	0,157
74,7	0,005	-0,005	0,157
74,8	0,006	0,003	0,157
74,9	0,005	0,003	0,157
75,0	0,004	0,003	0,157
75,1	0,003	0,003	0,157
75,2	0,003	0,003	0,157
75,3	0,004	0,003	0,157
75,4	0,006	0,003	0,157
75,5	0,007	0,003	0,157
75,6	0,006	-0,005	0,157
75,7	0,005	-0,005	0,157
75,8	0,004	0,003	0,157
75,9	0,004	0,003	0,157
76,0	0,005	0,003	0,157
76,1	0,005	-0,005	0,157
76,2	0,005	0,003	0,157
76,3	0,004	0,003	0,157
76,4	0,004	0,003	0,157
76,5	0,004	0,003	0,157
76,6	0,005	0,003	0,157
76,7	0,005	-0,005	0,157
76,8	0,005	0,003	0,157
76,9	0,005	0,003	0,157
77,0	0,004	0,003	0,157
77,1	0,004	0,003	0,157
77,2	0,005	0,003	0,157
77,3	0,005	-0,005	0,157
77,4	0,006	0,003	0,157
77,5	0,006	0,003	0,157
77,6	0,006	0,003	0,157
77,7	0,006	0,003	0,157
77,8	0,006	-0,005	0,157
77,9	0,006	-0,005	0,157
78,0	0,006	0,003	0,157
78,1	0,005	0,003	0,157
78,2	0,004	0,003	0,157
78,3	0,004	0,003	0,157
78,4	0,004	0,003	0,157
78,5	0,004	0,003	0,157
78,6	0,004	0,003	0,157
78,7	0,003	0,003	0,157
78,8	0,004	0,003	0,157
78,9	0,004	0,003	0,157
79,0	0,005	0,003	0,157
79,1	0,006	-0,005	0,157
79,2	0,006	0,003	0,157
79,3	0,005	0,003	0,157
79,4	0,005	0,003	0,157
79,5	0,004	0,003	0,157
79,6	0,004	0,003	0,157
79,7	0,004	0,003	0,157
79,8	0,005	0,003	0,157
79,9	0,006	0,003	0,157
80,0	0,007	0,003	0,157
80,1	0,008	-0,005	0,157
80,2	0,007	-0,005	0,157
80,3	0,006	-0,005	0,157
80,4	0,005	0,003	0,157
80,5	0,004	0,003	0,157
80,6	0,005	0,003	0,157
80,7	0,007	-0,005	0,157
80,8	0,008	0,003	0,157
80,9	0,008	0,003	0,157
81,0	0,006	-0,005	0,157
81,1	0,004	0,003	0,157
81,2	0,003	0,003	0,157
81,3	0,003	0,003	0,157
81,4	0,005	0,003	0,157
81,5	0,006	-0,005	0,157
81,6	0,006	0,003	0,157
81,7	0,005	0,003	0,157
81,8	0,005	0,003	0,157
81,9	0,005	0,003	0,157
82,0	0,007	0,003	0,157
82,1	0,007	-0,005	0,157
82,2	0,007	-0,005	0,157
82,3	0,006	0,003	0,157
82,4	0,005	0,003	0,157
82,5	0,005	0,003	0,157
82,6	0,006	-0,005	0,157
82,7	0,007	-0,005	0,157
82,8	0,006	0,003	0,157
82,9	0,005	0,003	0,157
83,0	0,004	0,003	0,157
83,1	0,003	0,003	0,157
83,2	0,005	0,003	0,157
83,3	0,006	-0,005	0,157
83,4	0,007	0,003	0,157
83,5	0,006	0,003	0,157
83,6	0,005	0,003	0,157
83,7	0,004	0,003	0,157
83,8	0,005	0,003	0,157
83,9	0,006	-0,005	0,157
84,0	0,007	0,003	0,157
84,1	0,007	0,003	0,157
84,2	0,007	0,003	0,157
84,3	0,006	0,003	0,157
84,4	0,005	0,003	0,157
84,5	0,005	0,003	0,157
84,6	0,006	0,003	0,157
84,7	0,007	0,003	0,157
84,8	0,008	0,003	0,157
84,9	0,007	0,003	0,157
85,0	0,006	-0,005	0,157
85,1	0,004	0,003	0,157
85,2	0,004	0,003	0,157
85,3	0,005	0,003	0,157
85,4	0,006	0,003	0,157
85,5	0,007	0,003	0,157
85,6	0,006	-0,005	0,157
85,7	0,004	0,003	0,157
85,8	0,003	0,003	0,157
85,9	0,004	0,003	0,157
86,0	0,004	0,003	0,157
86,1	0,005	0,003	0,157
86,2	0,005	0,003	0,157
86,3	0,005	0,003	0,157
86,4	0,005	0,003	0,000
86,5	0,007	0,003	0,157
86,6	0,009	0,003	0,157
86,7	0,010	-0,005	0,157
86,8	0,009	-0,005	0,157
86,9	0,007	0,003	0,157
87,0	0,005	-0,005	0,157
87,1	0,005	-0,005	0,157
87,2	0,007	0,003	0,157
87,3	0,008	-0,005	0,157
87,4	0,009	-0,005	0,157
87,5	0,008	0,003	0,157
87,6	0,006	-0,005	0,157
87,7	0,004	0,003	0,157
87,8	0,003	0,003	0,157
87,9	0,004	0,003	0,157
88,0	0,005	0,003	0,157
88,1	0,006	-0,005	0,157
88,2	0,007	0,003	0,157
88,3	0,007	0,003	0,157
88,4	0,007	0,003	0,157
88,5	0,007	0,003	0,157
88,6	0,007	0,003	0,157
88,7	0,007	0,003	0,157
88,8	0,007	-0,005	0,157
88,9	0,006	0,003	0,157
89,0	0,006	0,003	0,157
89,1	0,006	0,003	0,157
89,2	0,005	-0,005	0,157
89,3	0,004	0,003	0,157
89,4	0,004	0,003	0,157
89,5	0,005	0,003	0,157
89,6	0,006	0,003	0,157
89,7	0,006	0,003	0,157
89,8	0,006	-0,005	0,157
89,9	0,004	0,003	0,157
90,0	0,003	0,003	0,157
90,1	0,004	0,003	0,157
90,2	0,005	0,003	0,157
90,3	0,007	-0,005	0,157
90,4	0,007	0,003	0,157
90,5	0,006	0,003	0,157
90,6	0,006	0,003	0,157
90,7	0,006	0,003	0,157
90,8	0,007	0,003	0,157
90,9	0,008	-0,005	0,157
91,0	0,008	-0,005	0,157
91,1	0,007	0,003	0,157
91,2	0,005	0,003	0,157
91,3	0,004	0,003	0,157
91,4	0,005	0,003	0,157
91,5	0,005	0,003	0,157
91,6	0,006	0,003	0,157
91,7	0,006	0,003	0,157
91,8	0,005	0,003	0,157
91,9	0,005	0,003	0,157
92,0	0,005	0,003	0,157
92,1	0,006	0,003	0,157
92,2	0,007	0,003	0,157
92,3	0,008	-0,005	0,157
92,4	0,008	0,003	0,157
92,5	0,008	0,003	0,157
92,6	0,008	0,003	0,157
92,7	0,007	0,003	0,157
92,8	0,006	0,003	0,157
92,9	0,006	0,003	0,157
93,0	0,007	0,003	0,157
93,1	0,008	0,003	0,157
93,2	0,009	0,003	0,157
93,3	0,009	0,003	0,157
93,4	0,008	-0,005	0,157
93,5	0,007	-0,005	0,157
93,6	0,007	0,003	0,157
93,7	0,008	0,003	0,157
93,8	0,008	0,003	0,157
93,9	0,009	-0,005	0,157
94,0	0,009	-0,005	0,157
94,1	0,008	-0,005	0,157
94,2	0,008	0,003	0,157
94,3	0,008	0,003	0,157
94,4	0,009	0,003	0,157
94,5	0,009	-0,005	0,157
94,6	0,010	-0,005	0,157
94,7	0,010	-0,005	0,157
94,8	0,010	0,003	0,157
94,9	0,011	0,003	0,157
95,0	0,011	0,003	0,157
95,1	0,011	0,003	0,157
95,2	0,009	-0,005	0,157
95,3	0,008	0,003	0,157
95,4	0,007	0,003	0,157
95,5	0,007	0,003	0,157
95,6	0,008	0,003	0,157
95,7	0,009	0,003	0,157
95,8	0,009	0,003	0,157
95,9	0,008	0,003	0,157
96,0	0,008	0,003	0,157
96,1	0,007	0,003	0,157
96,2	0,008	0,003	0,157
96,3	0,010	-0,005	0,157
96,4	0,011	0,003	0,157
96,5	0,012	0,003	0,157
96,6	0,011	0,003	0,157
96,7	0,010	0,003	0,157
96,8	0,010	0,003	0,157
96,9	0,010	0,003	0,157
97,0	0,010	0,003	0,157
97,1	0,010	0,003	0,157
97,2	0,010	0,003	0,157
97,3	0,009	0,003	0,157
97,4	0,009	0,003	0,157
97,5	0,010	-0,005	0,157
97,6	0,012	0,003	0,157
97,7	0,014	-0,005	0,157
97,8	0,014	0,003	0,157
97,9	0,013	0,003	0,157
98,0	0,012	0,003	0,157
98,1	0,012	-0,005	0,157
98,2	0,014	0,003	0,157
98,3	0,016	-0,005	0,157
98,4	0,017	0,003	0,157
98,5	0,016	0,003	0,157
98,6	0,015	0,003	0,157
98,7	0,014	-0,005	0,157
98,8	0,016	0,003	0,157
98,9	0,019	-0,005	0,157
99,0	0,021	0,003	0,157
99,1	0,021	0,003	0,157
99,2	0,019	0,003	0,157
99,3	0,017	-0,005	0,157
99,4	0,019	0,003	0,157
99,5	0,023	0,003	0,157
99,6	0,026	0,003	0,157
99,7	0,025	0,003	0,157
99,8	0,020	0,003	0,157
99,9	0,017	0,003	0,157
